0 0.3296875 0.478125 0.33984375 0.18984375
0 0.5921875 0.49140625 0.2296875 0.1234375
0 0.65234375 0.68671875 0.36484375 0.18671875
0 0.49609375 0.9 0.3421875 0.146875
0 0.32265625 0.73984375 0.2046875 0.1265625
0 0.12109375 0.71640625 0.1421875 0.146875
0 0.53125 0.09296875 0.37734375 0.1796875
0 0.77734375 0.45 0.3296875 0.2
0 0.89765625 0.903125 0.2 0.18671875
0 0.7 0.953125 0.15 0.09296875
0 0.1046875 0.91484375 0.2046875 0.1703125
0 0.16875 0.26796875 0.3328125 0.23671875
0 0.88359375 0.2234375 0.2328125 0.26640625